Changepoints locations:
[    0.   336.  2785.]
Segment parameters: mean and covariance
(array([[-0.51340787,  0.14585676,  0.29251435,  0.68379497, -0.16234282,
        -0.67198109, -0.18099662],
       [-0.54193539,  0.11854289,  0.12068731,  0.65137852, -0.18901888,
        -0.71124526, -0.17117389],
       [-0.37986562,  0.3710361 ,  0.19582831,  0.62568544, -0.36268575,
        -0.56962162, -0.36768796]])
array([[[  1.19090260e-02,   1.41139756e-06,   1.75454624e-02,
           3.43374291e-03,  -4.67064525e-04,   6.85561157e-03,
          -3.53912847e-03],
        [  1.41139756e-06,   2.75902378e-03,   3.25380113e-03,
           1.46763276e-03,   9.45245391e-05,   1.68113388e-03,
          -8.78914077e-04],
        [  1.75454624e-02,   3.25380113e-03,   4.89142136e-02,
           1.23300299e-02,  -1.64900664e-04,   1.74544119e-02,
          -8.11777410e-03],
        [  3.43374291e-03,   1.46763276e-03,   1.23300299e-02,
           7.18395000e-03,   3.24313512e-04,   6.04733362e-03,
          -3.56877113e-03],
        [ -4.67064525e-04,   9.45245391e-05,  -1.64900664e-04,
           3.24313512e-04,   2.38712345e-03,   4.15870557e-04,
          -3.56486699e-04],
        [  6.85561157e-03,   1.68113388e-03,   1.74544119e-02,
           6.04733362e-03,   4.15870557e-04,   1.17363307e-02,
          -5.62350773e-03],
        [ -3.53912847e-03,  -8.78914077e-04,  -8.11777410e-03,
          -3.56877113e-03,  -3.56486699e-04,  -5.62350773e-03,
           6.90818987e-03]],

       [[  3.54811647e-03,  -1.45776883e-03,  -6.15035536e-04,
          -7.56062054e-04,   6.02786091e-05,  -4.08180628e-04,
           4.73397788e-06],
        [ -1.45776883e-03,   1.88601387e-03,   6.45100088e-04,
           4.65832398e-04,  -5.80751623e-05,   4.74703510e-04,
          -1.52049706e-04],
        [ -6.15035536e-04,   6.45100088e-04,   2.37929079e-03,
          -6.21872516e-05,   3.35183047e-04,  -2.13774204e-04,
           2.04092164e-04],
        [ -7.56062054e-04,   4.65832398e-04,  -6.21872516e-05,
           2.16384024e-03,  -2.08977782e-05,   1.09912925e-03,
          -7.69907973e-04],
        [  6.02786091e-05,  -5.80751623e-05,   3.35183047e-04,
          -2.08977782e-05,   1.44007275e-03,  -1.03597120e-04,
           7.28396667e-05],
        [ -4.08180628e-04,   4.74703510e-04,  -2.13774204e-04,
           1.09912925e-03,  -1.03597120e-04,   2.51748876e-03,
          -8.50003930e-04],
        [  4.73397788e-06,  -1.52049706e-04,   2.04092164e-04,
          -7.69907973e-04,   7.28396667e-05,  -8.50003930e-04,
           1.50473207e-03]],

       [[  1.65683642e-02,   2.93224746e-03,  -2.10383562e-05,
          -4.20776501e-03,  -2.16563121e-03,   1.21727387e-03,
          -1.67493053e-03],
        [  2.93224746e-03,   1.54863138e-02,   7.96487694e-04,
          -1.13058224e-03,  -3.34131467e-03,  -1.23781533e-03,
          -2.93963763e-03],
        [ -2.10383562e-05,   7.96487694e-04,   1.18834434e-02,
           5.23420355e-04,  -6.14570527e-04,  -5.98155431e-04,
          -6.97004405e-04],
        [ -4.20776501e-03,  -1.13058224e-03,   5.23420355e-04,
           1.56039278e-02,   6.85144078e-04,  -2.00012107e-03,
           2.84094131e-04],
        [ -2.16563121e-03,  -3.34131467e-03,  -6.14570527e-04,
           6.85144078e-04,   1.42511190e-02,   1.22662411e-03,
           2.44675076e-03],
        [  1.21727387e-03,  -1.23781533e-03,  -5.98155431e-04,
          -2.00012107e-03,   1.22662411e-03,   1.33244207e-02,
           1.20031845e-03],
        [ -1.67493053e-03,  -2.93963763e-03,  -6.97004405e-04,
           2.84094131e-04,   2.44675076e-03,   1.20031845e-03,
           1.36489008e-02]]]))

